0.480108
0.943813
0.952201
0.954782
0.957783
0.95269
0.951441
0.945735
0.942302
0.958202
0.955435
0.955238
0.940349
0.951096
0.95577
0.933066
0.958704
0.951221
0.956163
0.957436
0.947895
0.936054
0.955834
0.960132
0.945907
0.954803
0.95845
0.952805
0.944526
0.946877
0.952593
0.953885
0.955365
0.945704
0.955144
0.960624
0.959733
0.956126
0.951075
0.952185
0.949622
0.957428
0.953961
0.955197
0.952413
0.96211
0.961582
0.942675
0.954172
0.959455
0.948244
0.944923
0.94665
0.952469
0.959694
0.95167
0.946525
0.959603
0.95336
0.95564
0.960528
0.95303
0.961004
0.961989
0.956138
0.959518
0.957458
0.955993
0.953125
0.959082
0.953604
0.956562
0.95974
0.955036
0.958187
0.95727
0.957247
0.947444
0.958114
0.953308
0.953726
0.956178
0.961271
0.955487
0.954564
0.948157
0.955231
0.954561
0.958064
0.959223
0.955159
0.95877
0.957583
0.957119
0.954579
0.954446
0.955956
0.935481
0.958905
0.954501
0.939835
0.960231
0.951567
0.958853
0.951183
0.952892
0.952257
0.955446
0.952364
0.942241
0.956118
0.953008
0.957139
0.939309
0.941033
0.959193
0.958066
0.958406
0.957204
0.959366
0.958897
0.956547
0.747226
0.954276
0.958443
0.93969
0.960863
0.936628
0.96015
0.93774
0.961652
0.942584
0.941537
0.960249
0.930679
0.95663
0.957915
0.947447
0.946425
0.961514
0.94798
0.962576
0.952692
0.954611
0.918231
0.962074
0.958649
0.955977
0.953596
0.957261
0.945063
0.963842
0.960168
0.9484
0.951791
0.957563
0.952889
0.955085
0.952065
0.905526
0.951853
0.946885
0.954217
0.957917
0.907159
0.957063
0.959244
0.948009
0.956321
0.953323
0.959572
0.955688
0.955841
0.958105
0.949476
0.960621
0.947938
0.958021
0.95704
0.936089
0.943496
0.950062
0.94139
0.959225
0.928674
0.957049
0.958085
0.954899
0.951025
0.960638
0.949557
0.957281
0.954429
0.951099
0.944381
0.958766
0.949756
0.959459
0.956542
0.945727
0.956984
0.956816
0.947773
0.953368
0.953407
0.952547
0.953896
0.950838
0.957237
0.952752
0.951389
0.953836
0.957548
0.954111
0.958494
0.955494
0.936651
0.949299
0.958092
0.9425
0.955675
0.923687
0.930178
0.951774
0.954542
0.952386
0.952164
0.959559
0.949975
0.949461
0.956349
0.950166
0.954491
0.957055
0.954253
0.943817
0.952453
0.942022
0.953008
0.946193
0.959269
0.953033
0.953185
0.950256
0.962954
0.944905
0.958386
0.940924
0.951791
0.949444
0.954713
0.958791
0.95862
0.953764
0.919049
0.944514
0.955129
0.951771
0.95625
0.960529
0.95433
0.959635
0.960468
0.955255
0.952721
0.958403
0.957224
0.957615
0.951972
0.955109
0.948648
0.960522
0.952346
0.95329
0.949342
0.959751
0.953849
0.947284
0.953121
0.953106
0.954822
0.953538
0.960989
0.962744
0.951097
0.947196
0.942766
0.93366
0.960306
0.951445
0.958593
0.952488
0.945119
0.96265
0.963235
0.95922
0.951163
0.953247
0.955965
0.956263
0.952514
