0.500199
0.809823
0.8048
0.802929
0.849389
0.840496
0.861237
0.861659
0.861306
0.888147
0.885267
0.893118
0.891406
0.895731
0.895538
0.903928
0.902546
0.898019
0.905835
0.9011
0.907542
0.918536
0.904967
0.917792
0.92108
0.919747
0.914384
0.915332
0.925003
0.923504
0.922543
0.92053
0.91984
0.924406
0.921665
0.927687
0.92501
0.925838
0.930975
0.929101
0.928848
0.926456
0.924686
0.933863
0.925885
0.931275
0.92531
0.931993
0.929997
0.930856
0.92959
0.918325
0.930267
0.929821
0.933581
0.933098
0.927997
0.934961
0.925606
0.932212
0.927913
0.934479
0.935755
0.930577
0.931331
0.932642
0.933825
0.934614
0.930173
0.935035
0.929743
0.934233
0.935892
0.927944
0.93253
0.931932
0.932353
0.92925
0.933035
0.935516
0.932725
0.933308
0.933994
0.922357
0.932179
0.934141
0.934075
0.927835
0.930629
0.936603
0.933488
0.933142
0.926208
0.932203
0.937164
0.928715
0.933108
0.932082
0.934895
0.93389
0.931228
0.931179
0.932149
0.936338
0.925616
0.932718
0.935847
0.933218
0.936187
0.935188
0.934484
0.933779
0.933133
0.939734
0.933365
0.937295
0.935668
0.932829
0.927629
0.932717
0.938431
0.932991
0.935947
0.93671
0.923026
0.935606
0.933791
0.934402
0.940256
0.934143
0.934549
0.932613
0.937364
0.937745
0.930622
0.934998
0.925088
0.938538
0.933502
0.934012
0.936387
0.933659
0.937322
0.933847
0.934914
0.935626
0.93564
0.936621
0.933348
0.933405
0.933175
0.934905
0.937034
0.929291
0.938579
0.93491
0.929737
0.934937
0.931983
0.935951
0.931659
0.934565
0.934549
0.938783
0.934721
0.930768
0.93723
0.936413
0.936452
0.936026
0.93454
0.936411
0.932115
0.934231
0.935506
0.927493
0.92896
0.930701
0.936067
0.928194
0.937956
0.93414
0.932212
0.930355
0.93504
0.936879
0.934474
0.930186
0.937281
0.933373
0.936456
0.939846
0.936166
0.937694
0.932881
0.938765
0.938987
0.936305
0.935558
0.934659
0.937618
0.930256
0.937459
0.932249
0.936694
0.939697
0.931983
0.934963
0.935052
0.931414
0.938945
0.931044
0.935654
0.937675
0.937896
0.937498
0.934232
0.931456
0.936375
0.937553
0.939127
0.934529
0.94144
0.933798
0.93571
0.935649
0.929667
0.93839
0.938805
0.932633
0.936789
0.934199
0.934647
0.935768
0.936502
0.930709
0.937174
0.93798
0.938205
0.939665
0.937009
0.937863
0.937795
0.93702
0.93488
0.939342
0.935622
0.934816
0.933972
0.937255
0.934825
0.934171
0.935446
0.937336
0.93301
0.935973
0.933325
0.935485
0.938853
0.939518
0.93366
0.939528
0.932957
0.938179
0.936782
0.931337
0.933265
0.934522
0.939553
0.937045
0.932138
0.935595
0.937315
0.938893
0.92582
0.936426
0.940387
0.933825
0.936843
0.936497
0.936734
0.933581
0.934472
0.935344
0.932464
0.937756
0.936092
0.934876
0.939028
0.926937
0.940169
0.933371
0.934265
0.939234
0.939546
0.93731
0.93765
0.935951
0.938862
0.932946
0.937336
